1,1,120.87,333.5,136.52999999999997,59.389999999999986,1,1,1.0
1,2,208.85,251.86,94.25000000000003,39.27999999999997,1,1,1.0
1,3,733.7,266.88,71.19999999999993,38.30000000000001,1,1,1.0
2,1,98.84,337.33,136.53,59.400000000000034,1,1,1.0
2,2,208.85,251.86,94.25000000000003,39.370000000000005,1,1,1.0
2,3,720.29,268.79,73.11000000000001,38.31,1,1,1.0
3,1,73.93,343.08,139.37,59.39000000000004,1,1,1.0
3,2,208.85,251.86,94.25000000000003,39.46999999999997,1,1,1.0
3,3,706.88,271.67,73.11000000000001,38.30000000000001,1,1,1.0
4,1,48.06,345.0,141.24,62.30000000000001,1,1,1.0
4,2,208.85,251.86,94.25000000000003,39.56999999999999,1,1,1.0
4,3,693.46,272.0,74.93999999999994,38.89999999999998,1,1,1.0
5,1,23.15,348.83,144.15,62.30000000000001,1,1,1.0
5,2,208.85,251.86,94.25000000000003,39.65999999999997,1,1,1.0
5,3,678.8,273.0,75.80000000000007,40.5,1,1,1.0
6,1,0.16,352.7,146.04,63.19999999999999,1,1,1.0
6,2,208.85,251.86,94.25000000000003,39.75999999999999,1,1,1.0
6,3,665.62,275.0,75.79999999999995,40.5,1,1,1.0
7,1,0.16,354.6,124.04,68.0,1,1,1.0
7,2,208.85,251.86,94.25000000000003,39.849999999999966,1,1,1.0
7,3,650.05,277.4,79.35000000000002,42.89000000000004,1,1,1.0
8,1,0.16,359.4,100.04,68.0,1,1,1.0
8,2,208.85,251.86,94.25000000000003,39.94999999999999,1,1,1.0
8,3,635.67,279.0,79.35000000000002,42.10000000000002,1,1,1.0
9,1,0.16,361.3,75.14,64.19999999999999,1,1,1.0
9,2,208.85,251.86,94.25000000000003,40.05000000000001,1,1,1.0
9,3,621.3,281.0,80.90000000000009,42.89999999999998,1,1,1.0
10,1,0.16,366.1,51.14,59.39999999999998,1,1,1.0
10,2,208.85,251.86,94.25000000000003,40.139999999999986,1,1,1.0
10,3,605.32,283.0,82.88,42.89999999999998,1,1,1.0
11,1,0.16,374.7,25.24,54.60000000000002,1,1,1.0
11,2,208.85,251.86,94.25000000000003,40.24000000000001,1,1,1.0
11,3,590.5,285.8,83.72000000000003,42.89999999999998,1,1,1.0
12,2,208.85,251.88,94.25000000000003,40.25,1,1,1.0
12,3,575.3,287.4,86.10000000000002,44.09000000000003,1,1,1.0
13,2,208.85,251.89,94.25000000000003,40.27000000000004,1,1,1.0
13,3,559.33,288.6,86.46999999999991,40.89999999999998,1,1,1.0
14,2,208.85,251.9,94.25000000000003,40.28999999999999,1,1,1.0
14,3,544.54,292.3,86.06000000000006,40.89999999999998,1,1,1.0
15,2,208.85,251.91,94.25000000000003,40.31000000000003,1,1,1.0
15,3,527.4,293.22,87.49000000000001,45.97999999999996,1,1,1.0
16,2,208.85,251.93,94.25000000000003,40.31999999999999,1,1,1.0
16,3,509.38,295.1,92.62,47.799999999999955,1,1,1.0
17,2,208.85,251.94,94.25000000000003,40.339999999999975,1,1,1.0
17,3,493.67,297.4,91.22999999999996,47.81,1,1,1.0
18,2,208.85,251.95,94.25000000000003,40.360000000000014,1,1,1.0
18,3,475.19,300.17,93.10999999999996,49.22999999999996,1,1,1.0
19,2,208.85,251.97,94.25000000000003,40.369999999999976,1,1,1.0
19,3,458.56,302.9,96.83999999999997,50.200000000000045,1,1,1.0
20,2,208.85,251.98,94.25000000000003,40.390000000000015,1,1,1.0
20,3,441.46,304.7,93.54000000000002,52.10000000000002,1,1,1.0
21,2,208.85,251.99,94.25000000000003,40.40999999999997,1,1,1.0
21,3,422.98,307.9,99.02999999999997,52.10000000000002,1,1,1.0
22,2,208.85,252.0,94.25000000000003,40.43000000000001,1,1,1.0
22,3,405.9,311.13,101.30000000000001,53.06999999999999,1,1,1.0
23,2,208.85,252.02,94.25000000000003,40.43999999999997,1,1,1.0
23,3,387.42,312.98,103.18,54.91999999999996,1,1,1.0
24,2,208.85,252.03,94.25000000000003,40.46000000000001,1,1,1.0
24,3,367.55,316.68,105.94999999999999,54.920000000000016,1,1,1.0
25,2,208.85,252.04,94.25000000000003,40.47999999999999,1,1,1.0
25,3,348.6,320.4,107.33999999999997,55.80000000000001,1,1,1.0
26,2,208.85,252.05,94.25000000000003,40.5,1,1,1.0
26,3,330.6,322.71,107.79999999999995,57.69,1,1,1.0
27,2,208.85,252.07,94.25000000000003,40.50999999999999,1,1,1.0
27,3,308.9,326.4,112.40000000000003,59.10000000000002,1,1,1.0
28,2,208.85,252.08,94.25000000000003,40.53,1,1,1.0
28,3,287.2,329.2,115.62,59.5,1,1,1.0
29,2,208.85,252.09,94.25000000000003,40.54999999999998,1,1,1.0
29,3,265.0,332.9,119.80000000000001,60.400000000000034,1,1,1.0
30,2,208.85,252.11,94.25000000000003,40.56,1,1,1.0
30,3,244.67,336.6,121.63000000000002,61.31999999999999,1,1,1.0
31,2,208.85,252.12,94.25000000000003,40.579999999999984,1,1,1.0
31,3,222.0,339.83,123.5,62.670000000000016,1,1,1.0
32,2,208.85,252.13,94.25000000000003,40.60000000000002,1,1,1.0
32,3,201.21,342.61,126.28999999999999,64.49000000000001,1,1,1.0
33,2,208.85,252.14,94.25000000000003,40.620000000000005,1,1,1.0
33,3,176.26,347.69,129.94,64.49000000000001,1,1,1.0
34,2,208.85,252.16,94.25000000000003,40.630000000000024,1,1,1.0
34,3,151.31,351.4,136.89,68.20000000000005,1,1,1.0
35,2,208.85,252.17,94.25000000000003,40.650000000000006,1,1,1.0
35,3,126.82,355.1,136.88,69.59999999999997,1,1,1.0
36,2,208.85,252.18,94.25000000000003,40.670000000000016,1,1,1.0
36,3,100.48,359.7,143.42000000000002,71.5,1,1,1.0
37,2,208.85,252.19,94.25000000000003,40.69,1,1,1.0
37,3,73.22,364.8,146.68,71.5,1,1,1.0
38,2,208.85,252.21,94.25000000000003,40.70000000000002,1,1,1.0
38,3,46.89,367.57,150.31,75.23000000000002,1,1,1.0
39,2,208.85,252.22,94.25000000000003,40.72,1,1,1.0
39,3,17.8,372.66,156.79999999999998,75.63999999999999,1,1,1.0
40,2,208.85,252.23,94.25000000000003,40.74000000000004,1,1,1.0
40,3,0.0,377.28,150.6,77.02000000000004,1,1,1.0
41,2,208.85,252.25,94.25000000000003,40.75,1,1,1.0
41,3,0.0,380.5,127.0,81.64999999999998,1,1,1.0
42,2,208.85,252.26,94.25000000000003,40.76999999999998,1,1,1.0
42,3,0.0,384.7,99.3,83.5,1,1,1.0
43,2,208.85,252.27,94.25000000000003,40.78999999999999,1,1,1.0
43,3,0.0,384.7,76.2,74.30000000000001,1,1,1.0
44,2,208.85,252.28,94.25000000000003,40.809999999999974,1,1,1.0
44,3,0.0,399.0,48.9,61.80000000000001,1,1,1.0
45,2,208.85,252.3,94.25000000000003,40.81999999999999,1,1,1.0
45,3,0.0,415.2,23.0,45.60000000000002,1,1,1.0
46,2,208.85,252.31,94.25000000000003,40.839999999999975,1,1,1.0
47,2,208.85,252.32,94.25000000000003,40.860000000000014,1,1,1.0
48,2,208.85,252.33,94.25000000000003,40.87999999999997,1,1,1.0
49,2,208.85,252.35,94.25000000000003,40.890000000000015,1,1,1.0
50,2,208.85,252.36,94.25000000000003,40.90999999999997,1,1,1.0
51,2,208.85,252.37,94.25000000000003,40.93000000000001,1,1,1.0
51,4,954.5,230.13,5.340000000000032,51.25,1,1,1.0
52,2,208.85,252.45,94.25000000000003,40.879999999999995,1,1,1.0
52,4,950.1,229.09,9.740000000000009,53.92999999999998,1,1,1.0
53,2,208.85,252.52,94.25000000000003,40.84,1,1,1.0
53,4,945.7,228.04,14.139999999999986,56.62000000000003,1,1,1.0
54,2,208.85,252.59,94.25000000000003,40.79999999999998,1,1,1.0
54,4,941.3,227.0,18.540000000000077,59.30000000000001,1,1,1.0
55,2,208.85,252.66,94.25000000000003,40.77000000000001,1,1,1.0
55,4,936.54,226.63,23.300000000000068,61.31999999999999,1,1,1.0
56,2,208.85,252.74,94.25000000000003,40.71999999999997,1,1,1.0
56,4,931.79,226.26,28.050000000000068,63.329999999999984,1,1,1.0
57,2,208.85,252.81,94.25000000000003,40.68000000000001,1,1,1.0
57,4,927.03,225.89,32.81000000000006,65.34000000000003,1,1,1.0
58,2,208.85,252.88,94.25000000000003,40.639999999999986,1,1,1.0
58,4,922.27,225.51,37.57000000000005,67.36000000000001,1,1,1.0
59,2,208.85,252.95,94.25000000000003,40.60000000000002,1,1,1.0
59,4,917.51,225.14,42.33000000000004,69.37,1,1,1.0
60,2,208.85,253.03,94.25000000000003,40.54999999999998,1,1,1.0
60,4,912.76,224.77,47.08000000000004,71.39000000000001,1,1,1.0
61,2,208.85,253.1,94.25000000000003,40.52000000000001,1,1,1.0
61,4,908.0,224.4,51.84000000000003,73.4,1,1,1.0
62,2,208.85,253.27,94.25000000000003,40.49999999999997,1,1,1.0
62,4,902.3,224.54,57.54000000000008,74.83000000000001,1,1,1.0
63,2,208.85,253.44,94.25000000000003,40.49000000000001,1,1,1.0
63,4,896.6,224.68,63.24000000000001,76.25999999999999,1,1,1.0
64,2,208.85,253.61,94.25000000000003,40.47999999999996,1,1,1.0
64,4,890.18,224.82,69.66000000000008,77.69,1,1,1.0
65,2,208.85,253.78,94.25000000000003,40.47,1,1,1.0
65,4,883.77,224.96,76.07000000000005,79.11999999999998,1,1,1.0
66,2,208.85,253.95,94.25000000000003,40.460000000000036,1,1,1.0
66,4,877.35,225.1,82.49000000000001,80.54999999999998,1,1,1.0
67,2,208.85,254.12,94.25000000000003,40.44999999999999,1,1,1.0
67,4,870.93,225.24,88.91000000000008,81.98000000000002,1,1,1.0
68,2,208.85,254.29,94.25000000000003,40.430000000000035,1,1,1.0
68,4,864.52,225.38,95.32000000000005,83.41000000000003,1,1,1.0
69,2,208.85,254.46,94.25000000000003,40.41999999999999,1,1,1.0
69,4,858.1,225.52,101.74000000000001,84.84,1,1,1.0
70,2,208.85,254.63,94.25000000000003,40.410000000000025,1,1,1.0
70,4,852.15,225.66,107.69000000000005,86.27000000000001,1,1,1.0
71,2,208.85,254.8,94.25000000000003,40.39999999999998,1,1,1.0
71,4,846.2,225.8,113.63999999999999,87.69999999999999,1,1,1.0
72,2,208.85,254.81,94.25000000000003,40.579999999999984,1,1,1.0
72,4,838.6,226.66,121.26999999999998,88.66,1,1,1.0
73,2,208.85,254.82,94.25000000000003,40.75999999999999,1,1,1.0
73,4,831.0,227.52,128.89999999999998,89.61999999999998,1,1,1.0
73,5,823.69,256.02,13.409999999999968,23.960000000000036,1,1,1.0
74,2,208.85,254.83,94.25000000000003,40.93999999999997,1,1,1.0
74,4,823.3,228.38,136.6400000000001,90.57999999999998,1,1,1.0
74,5,814.49,256.69,14.659999999999968,24.53000000000003,1,1,1.0
75,2,208.85,254.84,94.25000000000003,41.119999999999976,1,1,1.0
75,4,815.6,229.24,144.37,91.53999999999996,1,1,1.0
75,5,805.29,257.36,15.910000000000082,25.110000000000014,1,1,1.0
76,2,208.85,254.85,94.25000000000003,41.29999999999998,1,1,1.0
76,4,807.4,230.1,152.60000000000002,92.50000000000003,1,1,1.0
76,5,796.1,258.03,17.149999999999977,25.680000000000007,1,1,1.0
77,2,208.85,254.86,94.25000000000003,41.47999999999996,1,1,1.0
77,4,799.8,230.96,160.20000000000005,93.46000000000001,1,1,1.0
77,5,786.9,258.69,18.399999999999977,26.269999999999982,1,1,1.0
78,2,208.85,254.87,94.25000000000003,41.65999999999997,1,1,1.0
78,4,793.2,231.82,166.79999999999995,94.42000000000002,1,1,1.0
78,5,777.7,259.36,19.649999999999977,26.839999999999975,1,1,1.0
79,2,208.85,254.88,94.25000000000003,41.84000000000003,1,1,1.0
79,4,785.6,232.68,169.60000000000002,95.38,1,1,1.0
79,5,768.5,260.03,20.899999999999977,27.420000000000016,1,1,1.0
80,2,208.85,254.89,94.25000000000003,42.02000000000004,1,1,1.0
80,4,776.1,235.5,173.79999999999995,94.38,1,1,1.0
80,5,759.31,260.7,22.1400000000001,27.99000000000001,1,1,1.0
80,6,947.0,238.72,11.470000000000027,30.77000000000001,1,1,1.0
81,2,208.85,254.9,94.25000000000003,42.20000000000002,1,1,1.0
81,4,768.6,234.4,175.0,97.29999999999998,1,1,1.0
81,5,750.11,261.36,23.389999999999986,28.579999999999984,1,1,1.0
81,6,940.56,239.28,11.680000000000064,30.919999999999987,1,1,1.0
82,2,208.85,254.84,94.25000000000003,42.16999999999999,1,1,1.0
82,4,759.5,235.74,177.49,98.36000000000001,1,1,1.0
82,5,740.91,262.03,24.639999999999986,29.160000000000025,1,1,1.0
82,6,934.12,239.85,11.889999999999986,31.06000000000003,1,1,1.0
83,2,208.85,254.78,94.25000000000003,42.140000000000015,1,1,1.0
83,4,750.4,237.08,179.98000000000002,99.41999999999999,1,1,1.0
83,5,731.71,262.7,25.889999999999986,29.730000000000018,1,1,1.0
83,6,927.68,240.42,12.110000000000014,31.200000000000017,1,1,1.0
84,2,208.85,254.72,94.25000000000003,42.109999999999985,1,1,1.0
84,4,741.3,238.42,182.47000000000003,100.47999999999999,1,1,1.0
84,5,720.22,263.02,27.579999999999927,30.05000000000001,1,1,1.0
84,6,921.24,240.99,12.319999999999936,31.339999999999975,1,1,1.0
85,2,208.85,254.67,94.25000000000003,42.07000000000002,1,1,1.0
85,4,732.2,239.76,184.95999999999992,101.54000000000002,1,1,1.0
85,5,708.72,263.34,29.279999999999973,30.370000000000005,1,1,1.0
85,6,914.8,241.56,12.530000000000086,31.480000000000018,1,1,1.0
86,2,208.85,254.61,94.25000000000003,42.039999999999964,1,1,1.0
86,4,722.3,241.1,188.25,102.6,1,1,1.0
86,5,697.22,263.67,30.980000000000018,30.680000000000007,1,1,1.0
86,6,908.36,242.13,12.75,31.629999999999995,1,1,1.0
87,2,208.85,254.55,94.25000000000003,42.00999999999999,1,1,1.0
87,4,712.4,242.44,191.54000000000008,103.66000000000003,1,1,1.0
87,5,685.73,263.99,32.66999999999996,31.00999999999999,1,1,1.0
87,6,901.92,242.69,12.960000000000036,31.78000000000003,1,1,1.0
88,2,208.85,254.49,94.25000000000003,41.98000000000002,1,1,1.0
88,4,702.5,243.78,194.83000000000004,104.72,1,1,1.0
88,5,674.23,264.31,34.370000000000005,31.329999999999984,1,1,1.0
88,6,895.48,243.26,13.17999999999995,31.920000000000016,1,1,1.0
89,2,208.85,254.43,94.25000000000003,41.94999999999999,1,1,1.0
89,4,692.59,245.12,198.13,105.77999999999997,1,1,1.0
89,5,662.73,264.63,36.069999999999936,31.649999999999977,1,1,1.0
89,6,889.04,243.83,13.389999999999986,32.059999999999974,1,1,1.0
90,2,208.85,254.37,94.25000000000003,41.920000000000016,1,1,1.0
90,4,682.69,246.46,201.41999999999996,106.84,1,1,1.0
90,5,651.23,264.96,37.76999999999998,31.960000000000036,1,1,1.0
90,6,882.6,244.4,13.600000000000023,32.20000000000002,1,1,1.0
91,2,208.85,254.32,94.25000000000003,41.879999999999995,1,1,1.0
91,4,672.79,247.8,204.71000000000004,107.89999999999998,1,1,1.0
91,5,639.74,265.28,39.460000000000036,32.28000000000003,1,1,1.0
91,6,871.22,244.83,17.110000000000014,31.19999999999996,1,1,1.0
92,2,208.85,254.26,93.20000000000002,41.93000000000001,1,1,1.0
92,4,662.12,248.18,207.90999999999997,110.58999999999997,1,1,1.0
92,5,628.24,265.6,41.15999999999997,32.599999999999966,1,1,1.0
92,6,859.84,245.26,20.620000000000005,30.19999999999999,1,1,1.0
93,2,208.85,254.2,92.15,41.98000000000002,1,1,1.0
93,4,651.45,248.56,211.1099999999999,113.27999999999997,1,1,1.0
93,5,615.21,266.17,46.620000000000005,32.80000000000001,1,1,1.0
93,6,848.46,245.69,24.129999999999995,29.19999999999999,1,1,1.0
94,2,208.85,254.14,91.1,42.03000000000003,1,1,1.0
94,4,640.77,248.94,214.32000000000005,115.97000000000003,1,1,1.0
94,5,602.18,266.74,52.08000000000004,33.0,1,1,1.0
94,6,837.08,246.12,27.629999999999995,28.19999999999999,1,1,1.0
95,2,208.85,254.08,90.04999999999998,42.08000000000001,1,1,1.0
95,4,630.1,249.32,217.51999999999998,118.66000000000003,1,1,1.0
95,5,589.15,267.31,57.54000000000008,33.19999999999999,1,1,1.0
95,6,825.7,246.55,31.139999999999986,27.19999999999999,1,1,1.0
96,2,208.85,254.02,89.00000000000003,42.12999999999997,1,1,1.0
96,4,616.93,250.82,223.22000000000003,120.23000000000002,1,1,1.0
96,5,576.12,267.88,63.0,33.39999999999998,1,1,1.0
96,6,813.18,246.98,35.79000000000008,26.200000000000017,1,1,1.0
97,2,208.85,253.97,87.95000000000002,42.16999999999999,1,1,1.0
97,4,603.77,252.31,228.90999999999997,121.81,1,1,1.0
97,5,563.09,268.45,68.45999999999992,33.60000000000002,1,1,1.0
97,6,800.66,247.4,40.440000000000055,25.210000000000008,1,1,1.0
98,2,208.85,253.91,86.9,42.22,1,1,1.0
98,4,590.6,253.81,234.61,123.38,1,1,1.0
98,5,550.06,269.02,73.92000000000007,33.80000000000001,1,1,1.0
98,6,788.14,247.83,45.08000000000004,24.210000000000008,1,1,1.0
99,2,208.85,253.85,85.85,42.27000000000001,1,1,1.0
99,4,577.43,255.31,240.31000000000006,124.94999999999999,1,1,1.0
99,5,537.03,269.59,79.38,34.0,1,1,1.0
99,6,775.62,248.26,49.73000000000002,23.210000000000036,1,1,1.0
100,2,208.85,253.79,84.79999999999998,42.32000000000002,1,1,1.0
100,4,564.27,256.8,246.0,126.52999999999997,1,1,1.0
100,5,524.0,270.16,84.84000000000003,34.19999999999999,1,1,1.0
100,6,763.1,248.69,54.379999999999995,22.20999999999998,1,1,1.0
101,2,208.85,253.73,83.75000000000003,42.37000000000003,1,1,1.0
101,4,551.1,258.3,251.69999999999993,128.09999999999997,1,1,1.0
101,5,510.97,270.73,90.29999999999995,34.39999999999998,1,1,1.0
101,6,749.18,249.33,57.879999999999995,22.049999999999983,1,1,1.0
102,2,208.85,253.67,85.79999999999998,42.430000000000035,1,1,1.0
102,4,539.43,259.1,254.08000000000004,131.13,1,1,1.0
102,5,497.94,271.3,95.76000000000005,34.599999999999966,1,1,1.0
102,6,735.27,249.96,61.370000000000005,21.890000000000015,1,1,1.0
103,2,208.85,253.61,87.85,42.47999999999996,1,1,1.0
103,4,524.86,260.8,259.36,133.26,1,1,1.0
103,5,483.86,271.87,97.28999999999996,34.99000000000001,1,1,1.0
103,6,721.35,250.6,64.87,21.72999999999999,1,1,1.0
104,2,208.85,253.56,89.9,42.51999999999998,1,1,1.0
104,4,509.11,262.4,265.81999999999994,135.49,1,1,1.0
104,5,469.77,272.44,98.83000000000004,35.379999999999995,1,1,1.0
104,6,707.44,251.23,68.3599999999999,21.580000000000013,1,1,1.0
104,7,952.23,233.1,7.740000000000009,31.47999999999999,1,1,1.0
105,2,208.85,253.5,91.95000000000002,42.56999999999999,1,1,1.0
105,4,493.35,264.0,272.28999999999996,137.72000000000003,1,1,1.0
105,5,455.69,273.01,100.35999999999996,35.76999999999998,1,1,1.0
105,6,693.52,251.86,71.86000000000001,21.430000000000007,1,1,1.0
105,7,947.9,231.24,12.07000000000005,34.02999999999997,1,1,1.0
106,2,208.85,253.44,91.95000000000002,42.620000000000005,1,1,1.0
106,4,477.59,265.6,278.76000000000005,139.95,1,1,1.0
106,5,441.61,273.58,101.88999999999999,36.160000000000025,1,1,1.0
106,6,679.61,252.5,75.35000000000002,21.25999999999999,1,1,1.0
106,7,943.57,229.38,16.399999999999977,36.579999999999984,1,1,1.0
107,2,208.85,253.38,91.95000000000002,42.670000000000016,1,1,1.0
107,4,461.83,267.2,285.22999999999996,142.18,1,1,1.0
107,5,427.52,274.15,103.43000000000006,36.55000000000001,1,1,1.0
107,6,665.69,253.13,78.84999999999991,21.110000000000014,1,1,1.0
107,7,939.23,227.52,20.74000000000001,39.140000000000015,1,1,1.0
108,2,208.85,253.32,91.95000000000002,42.72000000000003,1,1,1.0
108,4,446.07,268.8,291.7,144.40999999999997,1,1,1.0
108,5,413.44,274.72,104.95999999999998,36.94,1,1,1.0
108,6,651.77,253.77,82.35000000000002,20.950000000000017,1,1,1.0
108,7,934.9,225.66,25.07000000000005,41.690000000000026,1,1,1.0
109,2,208.85,253.26,91.95000000000002,42.76999999999998,1,1,1.0
109,4,430.32,270.4,298.16,146.64000000000004,1,1,1.0
109,5,399.35,275.29,106.5,37.329999999999984,1,1,1.0
109,6,637.86,254.4,85.84000000000003,20.789999999999992,1,1,1.0
109,7,930.57,223.8,29.399999999999977,44.24000000000001,1,1,1.0
110,2,208.85,253.21,91.95000000000002,42.809999999999974,1,1,1.0
110,4,414.56,272.0,304.63000000000005,148.87,1,1,1.0
110,5,385.27,275.86,108.03000000000003,37.71999999999997,1,1,1.0
110,6,623.23,255.19,87.98000000000002,22.230000000000018,1,1,1.0
110,7,926.23,221.94,33.74000000000001,46.79000000000002,1,1,1.0
111,2,208.85,253.15,91.95000000000002,42.859999999999985,1,1,1.0
111,4,398.8,273.6,311.09999999999997,151.09999999999997,1,1,1.0
111,5,371.19,276.43,109.56,38.110000000000014,1,1,1.0
111,6,608.6,255.98,90.12,23.669999999999987,1,1,1.0
111,7,921.9,220.08,38.07000000000005,49.34,1,1,1.0
112,2,208.85,253.18,92.04999999999998,42.81999999999999,1,1,1.0
112,4,379.82,275.42,318.77000000000004,154.64999999999998,1,1,1.0
112,5,357.1,277.0,111.09999999999997,38.5,1,1,1.0
112,6,593.96,256.77,92.26999999999998,25.100000000000023,1,1,1.0
112,7,917.57,218.22,42.39999999999998,51.900000000000006,1,1,1.0
113,2,208.85,253.22,92.16,42.77000000000001,1,1,1.0
113,4,360.84,277.24,326.44,158.2,1,1,1.0
113,5,341.68,278.05,111.67000000000002,38.599999999999966,1,1,1.0
113,6,579.33,257.56,94.40999999999997,26.54000000000002,1,1,1.0
113,7,913.23,216.36,46.74000000000001,54.44999999999999,1,1,1.0
114,2,208.85,253.26,92.26000000000002,42.72000000000003,1,1,1.0
114,4,341.86,279.06,334.11,161.75,1,1,1.0
114,5,326.25,279.1,112.25,38.69999999999999,1,1,1.0
114,6,564.7,258.34,96.55999999999995,27.99000000000001,1,1,1.0
114,7,908.9,214.5,51.07000000000005,57.0,1,1,1.0
115,2,208.85,253.29,92.37000000000003,42.680000000000035,1,1,1.0
115,4,322.88,280.88,341.78,165.3,1,1,1.0
115,5,310.83,280.15,112.82,38.80000000000001,1,1,1.0
115,6,550.07,259.13,98.69999999999993,29.420000000000016,1,1,1.0
115,7,903.56,214.89,53.960000000000036,57.25,1,1,1.0
116,2,208.85,253.33,92.47,42.62999999999997,1,1,1.0
116,4,303.9,282.7,349.45000000000005,168.85000000000002,1,1,1.0
116,5,295.4,281.2,113.40000000000003,38.900000000000034,1,1,1.0
116,6,535.44,259.92,100.83999999999992,30.859999999999957,1,1,1.0
116,7,898.22,215.28,56.85000000000002,57.49999999999997,1,1,1.0
117,2,208.85,253.36,92.58000000000001,42.589999999999975,1,1,1.0
117,4,283.0,284.52,359.03999999999996,172.40000000000003,1,1,1.0
117,5,279.98,282.25,113.96999999999997,39.0,1,1,1.0
117,6,520.81,260.71,102.98000000000002,32.30000000000001,1,1,1.0
117,7,892.88,215.67,59.74000000000001,57.75000000000003,1,1,1.0
118,2,208.85,253.4,92.67999999999998,42.53999999999999,1,1,1.0
118,4,262.1,286.34,368.63,175.95000000000005,1,1,1.0
118,5,264.55,283.3,114.55000000000001,39.099999999999966,1,1,1.0
118,6,506.17,261.5,105.12999999999994,33.73000000000002,1,1,1.0
118,7,887.54,216.06,62.629999999999995,58.0,1,1,1.0
119,2,208.85,253.42,92.78999999999999,42.51000000000002,1,1,1.0
119,4,241.2,288.16,378.21999999999997,179.5,1,1,1.0
119,5,249.13,284.35,115.12,39.19999999999999,1,1,1.0
119,6,492.02,262.37,106.0,34.54000000000002,1,1,1.0
119,7,882.2,216.45,65.51999999999998,58.25,1,1,1.0
120,2,208.85,253.44,92.89000000000001,42.48000000000002,1,1,1.0
120,4,220.3,289.98,387.81,183.04999999999995,1,1,1.0
120,5,233.7,285.4,115.69999999999999,39.30000000000001,1,1,1.0
120,6,477.87,263.25,106.87,35.329999999999984,1,1,1.0
120,7,876.86,216.84,68.40999999999997,58.49999999999997,1,1,1.0
121,2,208.85,253.46,93.00000000000003,42.45000000000002,1,1,1.0
121,4,199.4,291.8,397.4,186.59999999999997,1,1,1.0
121,5,218.28,286.45,116.27000000000001,39.400000000000034,1,1,1.0
121,6,463.72,264.12,107.74000000000001,36.139999999999986,1,1,1.0
121,7,871.52,217.23,71.30000000000007,58.75000000000003,1,1,1.0
122,2,208.85,253.48,93.1,42.41999999999999,1,1,1.0
122,4,177.0,294.36,405.96000000000004,190.84999999999997,1,1,1.0
122,5,202.85,287.5,116.85,39.5,1,1,1.0
122,6,449.56,265.0,108.61999999999995,36.93000000000001,1,1,1.0
122,7,866.18,217.62,74.19000000000005,59.0,1,1,1.0
123,2,208.85,253.5,93.21000000000001,42.389999999999986,1,1,1.0
123,4,150.35,296.91,418.76,195.11999999999995,1,1,1.0
123,5,184.84,288.75,118.38000000000002,40.25999999999999,1,1,1.0
123,6,435.41,265.87,109.48999999999995,37.73000000000002,1,1,1.0
123,7,860.84,218.01,77.07999999999993,59.25,1,1,1.0
124,2,208.85,253.52,93.31000000000003,42.369999999999976,1,1,1.0
124,4,123.7,299.47,431.57,199.36999999999995,1,1,1.0
124,5,166.83,290.0,119.91,41.01999999999998,1,1,1.0
124,6,421.26,266.75,110.36000000000001,38.52999999999997,1,1,1.0
124,7,855.5,218.4,79.97000000000003,59.49999999999997,1,1,1.0
125,2,208.85,253.54,93.41999999999999,42.34,1,1,1.0
125,4,97.05,302.02,444.36999999999995,203.63,1,1,1.0
125,5,148.82,291.25,121.44,41.77999999999997,1,1,1.0
125,6,407.11,267.62,111.23000000000002,39.329999999999984,1,1,1.0
125,7,849.16,218.81,81.08000000000004,59.839999999999975,1,1,1.0
126,2,208.85,253.56,93.52000000000001,42.31,1,1,1.0
126,4,70.4,304.58,457.18000000000006,207.88000000000005,1,1,1.0
126,5,130.8,292.5,122.97999999999999,42.54000000000002,1,1,1.0
126,6,392.95,268.5,112.11000000000001,40.129999999999995,1,1,1.0
126,7,842.82,219.22,82.18999999999994,60.17999999999998,1,1,1.0
127,2,208.85,253.58,93.63000000000002,42.28,1,1,1.0
127,4,43.1,307.13,470.63,213.01,1,1,1.0
127,5,112.79,293.75,124.51,43.30000000000001,1,1,1.0
127,6,378.8,269.37,112.97999999999996,40.93000000000001,1,1,1.0
127,7,836.48,219.64,83.28999999999996,60.50999999999999,1,1,1.0
128,2,208.85,253.6,93.72999999999999,42.25000000000003,1,1,1.0
128,4,16.4,309.69,483.49,218.13000000000005,1,1,1.0
128,5,94.78,295.0,126.03999999999999,44.06,1,1,1.0
128,6,362.98,270.23,114.33999999999997,41.789999999999964,1,1,1.0
128,7,830.14,220.05,84.39999999999998,60.849999999999966,1,1,1.0
129,2,208.85,253.25,93.83000000000001,42.589999999999975,1,1,1.0
129,4,0.0,312.24,486.05,223.26,1,1,1.0
129,5,76.77,296.25,127.57000000000001,44.81999999999999,1,1,1.0
129,6,347.17,271.1,115.69999999999999,42.639999999999986,1,1,1.0
129,7,823.8,220.46,85.50999999999999,61.18999999999997,1,1,1.0
130,2,208.85,252.91,93.94000000000003,42.91999999999999,1,1,1.0
130,4,0.0,314.8,472.2,224.92000000000002,1,1,1.0
130,5,58.76,297.5,129.10000000000002,45.579999999999984,1,1,1.0
130,6,331.35,271.96,117.06,43.49000000000001,1,1,1.0
130,7,817.46,220.87,86.61000000000001,61.52999999999997,1,1,1.0
131,2,208.85,252.56,94.03999999999999,43.25999999999999,1,1,1.0
131,4,0.0,317.77,455.15,221.95000000000005,1,1,1.0
131,5,40.74,298.75,130.64,46.339999999999975,1,1,1.0
131,6,315.53,272.82,118.42000000000002,44.35000000000002,1,1,1.0
131,7,811.12,221.29,87.72000000000003,61.859999999999985,1,1,1.0
132,2,208.85,252.21,94.15,43.599999999999994,1,1,1.0
132,4,0.0,320.74,438.1,218.98000000000002,1,1,1.0
132,5,22.73,300.0,132.17000000000002,47.10000000000002,1,1,1.0
132,6,299.72,273.69,119.76999999999998,45.19999999999999,1,1,1.0
132,7,804.78,221.7,88.83000000000004,62.19999999999999,1,1,1.0
133,2,208.85,251.86,94.25000000000003,43.94,1,1,1.0
133,4,0.0,323.71,421.05,216.01000000000005,1,1,1.0
133,5,4.7,302.13,132.31,46.81999999999999,1,1,1.0
133,6,283.9,274.55,121.13,46.06,1,1,1.0
133,7,798.44,222.11,89.92999999999995,62.539999999999964,1,1,1.0
134,2,208.85,252.49,94.25000000000003,41.90999999999997,1,1,1.0
134,4,0.0,326.68,404.0,213.04000000000002,1,1,1.0
134,5,0.0,304.27,119.13,46.53000000000003,1,1,1.0
134,6,268.09,275.41,122.48000000000002,46.90999999999997,1,1,1.0
134,7,792.1,222.52,91.03999999999996,62.87999999999997,1,1,1.0
134,8,679.69,528.79,88.1099999999999,11.210000000000036,1,1,1.0
135,2,208.85,253.12,94.25000000000003,39.879999999999995,1,1,1.0
135,4,0.0,329.65,385.3,210.07000000000005,1,1,1.0
135,5,0.0,306.4,101.24,46.25,1,1,1.0
135,6,252.27,276.27,123.85,47.77000000000004,1,1,1.0
135,7,784.62,222.99,92.14999999999998,63.02999999999997,1,1,1.0
135,8,688.22,523.04,92.31999999999994,16.960000000000036,1,1,1.0
136,2,208.85,253.75,94.25000000000003,37.85000000000002,1,1,1.0
136,4,0.0,332.62,361.8,207.10000000000002,1,1,1.0
136,5,0.0,308.53,83.36,45.97000000000003,1,1,1.0
136,6,236.45,277.14,125.21000000000004,48.620000000000005,1,1,1.0
136,7,777.14,223.46,93.25999999999999,63.17999999999998,1,1,1.0
136,8,696.75,517.29,96.52999999999997,22.710000000000036,1,1,1.0
137,2,208.85,254.37,94.25000000000003,35.829999999999984,1,1,1.0
137,4,0.0,335.59,349.8,204.13000000000005,1,1,1.0
137,5,0.0,310.67,65.47,40.52999999999997,1,1,1.0
137,6,220.64,278.0,126.56,49.48000000000002,1,1,1.0
137,7,769.66,223.93,94.38,63.329999999999984,1,1,1.0
137,8,705.28,511.54,100.74000000000001,28.45999999999998,1,1,1.0
138,2,208.85,255.0,94.25000000000003,33.80000000000001,1,1,1.0
138,4,0.0,338.56,329.27,201.16000000000003,1,1,1.0
138,5,0.0,312.8,47.59,41.40999999999997,1,1,1.0
138,6,203.17,279.39,128.07000000000002,50.34000000000003,1,1,1.0
138,7,762.18,224.39,95.49000000000001,63.49000000000001,1,1,1.0
138,8,713.81,505.79,104.95000000000005,34.20999999999998,1,1,1.0
139,2,208.85,253.43,94.25000000000003,33.96999999999997,1,1,1.0
139,4,0.0,341.53,308.73,198.19000000000005,1,1,1.0
139,5,0.0,315.4,29.7,40.0,1,1,1.0
139,6,185.71,280.78,129.56999999999996,51.200000000000045,1,1,1.0
139,7,754.7,224.86,96.59999999999991,63.639999999999986,1,1,1.0
139,8,722.34,500.05,109.15999999999997,39.94999999999999,1,1,1.0
140,2,208.85,251.86,94.25000000000003,34.139999999999986,1,1,1.0
140,4,0.0,344.5,288.2,195.22000000000003,1,1,1.0
140,5,0.0,321.4,8.3,27.200000000000045,1,1,1.0
140,6,168.25,282.17,131.07,52.06,1,1,1.0
140,7,747.22,225.33,97.70999999999992,63.78999999999999,1,1,1.0
140,8,730.88,494.3,113.36000000000001,45.69999999999999,1,1,1.0
141,2,216.9,251.86,86.20000000000002,37.639999999999986,1,1,1.0
141,4,0.0,349.77,267.9,189.95000000000005,1,1,1.0
141,6,150.79,283.1,132.57000000000002,52.92999999999995,1,1,1.0
141,7,739.74,225.8,98.83000000000004,63.94,1,1,1.0
141,8,739.41,488.55,117.57000000000005,51.44999999999999,1,1,1.0
142,2,208.85,251.86,94.25000000000003,41.139999999999986,1,1,1.0
142,4,0.0,355.05,245.5,184.67000000000002,1,1,1.0
142,6,133.32,284.03,134.07999999999998,53.79000000000002,1,1,1.0
142,7,732.26,226.27,99.94000000000005,64.09,1,1,1.0
142,8,747.94,482.8,121.77999999999997,57.19999999999999,1,1,1.0
143,2,213.2,251.86,89.90000000000003,41.629999999999995,1,1,1.0
143,4,0.0,360.32,221.9,179.40000000000003,1,1,1.0
143,6,115.86,284.97,135.57999999999998,54.64999999999998,1,1,1.0
143,7,724.78,226.73,101.05000000000007,64.25000000000003,1,1,1.0
143,8,756.47,477.05,125.99000000000001,62.94999999999999,1,1,1.0
144,2,212.58,256.1,90.52000000000001,37.879999999999995,1,1,1.0
144,4,0.0,365.6,200.5,174.12,1,1,1.0
144,6,98.4,285.9,137.07999999999998,55.51000000000005,1,1,1.0
144,7,717.3,227.2,102.16000000000008,64.40000000000003,1,1,1.0
144,8,765.0,471.3,130.20000000000005,68.69999999999999,1,1,1.0
145,2,211.96,256.02,91.14000000000001,38.44,1,1,1.0
145,4,0.0,369.2,177.5,170.52000000000004,1,1,1.0
145,6,80.94,286.83,138.58,56.379999999999995,1,1,1.0
145,7,708.58,227.49,103.40999999999997,64.77999999999997,1,1,1.0
145,8,773.91,466.89,127.76999999999998,69.57000000000005,1,1,1.0
146,2,211.33,255.93,91.77000000000001,39.01999999999998,1,1,1.0
146,4,0.0,372.8,154.4,166.92000000000002,1,1,1.0
146,6,63.48,287.77,140.08,57.23000000000002,1,1,1.0
146,7,699.86,227.78,104.65999999999997,65.16,1,1,1.0
146,8,782.82,462.48,125.33999999999992,70.43999999999994,1,1,1.0
147,2,210.71,255.85,92.39000000000001,39.59,1,1,1.0
147,4,0.0,376.4,126.4,163.32000000000005,1,1,1.0
147,6,46.01,288.7,141.59,58.10000000000002,1,1,1.0
147,7,691.14,228.06,105.89999999999998,65.55000000000001,1,1,1.0
147,8,791.73,458.07,122.90999999999997,71.31,1,1,1.0
148,2,210.09,255.77,93.01000000000002,40.16,1,1,1.0
148,4,0.0,380.0,99.5,159.72000000000003,1,1,1.0
148,6,28.5,290.35,141.4,57.089999999999975,1,1,1.0
148,7,682.42,228.35,107.15000000000009,65.92999999999998,1,1,1.0
148,8,800.64,453.66,120.48000000000002,72.18,1,1,1.0
149,2,209.47,255.68,93.63000000000002,40.73000000000002,1,1,1.0
149,4,0.0,387.9,74.3,151.82000000000005,1,1,1.0
149,6,11.0,292.0,141.2,56.089999999999975,1,1,1.0
149,7,673.7,228.64,108.39999999999998,66.31,1,1,1.0
149,8,809.55,449.25,118.05000000000007,73.04999999999995,1,1,1.0
150,2,208.85,255.6,94.25000000000003,41.29999999999998,1,1,1.0
150,4,0.0,396.8,47.4,142.92000000000002,1,1,1.0
150,6,0.0,293.65,134.5,57.25,1,1,1.0
150,7,664.98,228.92,109.63999999999999,66.70000000000002,1,1,1.0
150,8,818.46,444.84,115.62,73.92000000000002,1,1,1.0
151,2,208.85,255.7,94.13000000000002,41.25999999999999,1,1,1.0
151,4,0.0,409.7,18.1,130.02000000000004,1,1,1.0
151,6,0.0,295.3,116.8,55.93000000000001,1,1,1.0
151,7,656.26,229.21,110.88999999999999,67.08000000000001,1,1,1.0
151,8,827.37,440.43,113.18999999999994,74.79000000000002,1,1,1.0
152,2,208.85,255.8,94.00000000000003,41.21999999999997,1,1,1.0
152,6,0.0,296.95,99.1,54.620000000000005,1,1,1.0
152,7,647.54,229.5,112.13999999999999,67.45999999999998,1,1,1.0
152,8,836.28,436.02,110.75999999999999,75.66000000000003,1,1,1.0
153,2,208.85,255.9,93.88000000000002,41.17999999999998,1,1,1.0
153,6,0.0,298.6,81.4,53.299999999999955,1,1,1.0
153,7,638.82,229.79,113.38,67.84,1,1,1.0
153,8,845.19,431.61,108.32999999999993,76.52999999999997,1,1,1.0
154,2,208.85,256.0,93.75000000000003,41.139999999999986,1,1,1.0
154,6,0.0,300.25,63.7,51.99000000000001,1,1,1.0
154,7,630.1,230.07,114.63,68.23000000000002,1,1,1.0
154,8,854.1,427.2,105.89999999999998,77.40000000000003,1,1,1.0
155,2,208.85,256.1,93.62000000000003,41.099999999999966,1,1,1.0
155,6,0.0,301.9,46.0,50.670000000000016,1,1,1.0
155,7,619.94,230.65,115.68999999999994,68.41999999999999,1,1,1.0
155,8,860.62,423.75,99.38,76.44,1,1,1.0
156,2,208.85,256.2,93.50000000000003,41.06,1,1,1.0
156,6,0.0,303.55,28.3,49.360000000000014,1,1,1.0
156,7,609.79,231.22,116.74000000000001,68.60999999999999,1,1,1.0
156,8,867.14,420.3,92.86000000000001,75.49000000000001,1,1,1.0
157,2,208.85,256.3,93.37000000000003,41.01999999999998,1,1,1.0
157,6,0.0,305.2,10.6,48.04000000000002,1,1,1.0
157,7,599.63,231.79,117.78999999999996,68.81000000000003,1,1,1.0
157,8,873.66,416.85,86.34000000000003,74.52999999999997,1,1,1.0
158,2,208.85,256.4,93.25000000000003,40.99000000000001,1,1,1.0
158,7,589.48,232.36,118.84000000000003,69.00999999999999,1,1,1.0
158,8,880.18,413.4,79.82000000000005,73.57000000000005,1,1,1.0
159,2,208.85,256.48,93.12000000000003,40.96999999999997,1,1,1.0
159,7,579.32,232.94,119.89999999999998,69.19,1,1,1.0
159,8,886.7,409.95,73.29999999999995,72.61000000000001,1,1,1.0
160,2,208.85,256.56,93.00000000000003,40.94999999999999,1,1,1.0
160,7,569.17,233.51,120.94000000000005,69.38999999999999,1,1,1.0
160,8,893.22,406.5,66.77999999999997,71.66000000000003,1,1,1.0
161,2,208.85,256.64,92.87000000000003,40.93000000000001,1,1,1.0
161,7,559.01,234.08,122.0,69.59,1,1,1.0
161,8,899.74,403.05,60.25999999999999,70.69999999999999,1,1,1.0
162,2,208.85,256.72,92.73999999999998,40.90999999999997,1,1,1.0
162,7,548.86,234.65,123.04999999999995,69.78,1,1,1.0
162,8,906.26,399.6,53.74000000000001,69.73999999999995,1,1,1.0
163,2,208.85,256.8,92.62000000000003,40.889999999999986,1,1,1.0
163,7,538.7,235.23,124.09999999999991,69.97,1,1,1.0
163,8,912.78,396.15,47.22000000000003,68.79000000000002,1,1,1.0
164,2,208.85,256.88,92.48999999999998,40.870000000000005,1,1,1.0
164,7,528.54,235.8,125.16000000000008,70.17000000000002,1,1,1.0
164,8,919.3,392.7,40.700000000000045,67.82999999999998,1,1,1.0
165,2,208.85,256.96,92.37000000000003,40.85000000000002,1,1,1.0
165,7,517.14,236.28,124.97000000000003,70.54999999999998,1,1,1.0
165,8,924.43,390.57,35.57000000000005,65.69,1,1,1.0
166,2,208.85,257.04,92.23999999999998,40.829999999999984,1,1,1.0
166,7,505.74,236.76,124.77999999999997,70.93,1,1,1.0
166,8,929.57,388.43,30.42999999999995,63.56,1,1,1.0
167,2,208.85,257.12,92.10999999999999,40.81,1,1,1.0
167,7,494.34,237.24,124.58999999999997,71.31,1,1,1.0
167,8,934.7,386.3,25.299999999999955,61.40999999999997,1,1,1.0
168,2,208.85,257.2,91.98999999999998,40.79000000000002,1,1,1.0
168,7,482.94,237.72,124.40000000000003,71.69000000000003,1,1,1.0
168,8,939.83,385.9,20.16999999999996,57.54000000000002,1,1,1.0
169,2,208.85,257.16,91.85999999999999,40.889999999999986,1,1,1.0
169,7,471.54,238.2,124.20999999999998,72.07999999999998,1,1,1.0
169,8,944.97,389.3,15.029999999999973,49.870000000000005,1,1,1.0
170,2,208.85,257.12,91.73999999999998,40.99000000000001,1,1,1.0
170,7,460.14,238.68,124.01999999999998,72.45999999999998,1,1,1.0
170,8,950.1,392.7,9.899999999999977,42.19999999999999,1,1,1.0
171,2,208.85,257.08,91.60999999999999,41.10000000000002,1,1,1.0
171,7,448.74,239.16,123.83000000000004,72.84,1,1,1.0
171,8,954.5,392.7,5.5,42.19999999999999,1,1,1.0
172,2,208.85,257.04,91.48999999999998,41.19999999999999,1,1,1.0
172,7,437.33,239.64,123.65000000000003,73.22000000000003,1,1,1.0
173,2,208.85,257.0,91.35999999999999,41.30000000000001,1,1,1.0
173,7,425.93,240.12,123.45999999999998,73.61000000000001,1,1,1.0
174,2,208.85,256.96,91.22999999999999,41.400000000000034,1,1,1.0
174,7,414.53,240.6,123.26999999999998,73.98999999999998,1,1,1.0
175,2,208.85,256.92,91.10999999999999,41.5,1,1,1.0
175,7,403.13,240.7,125.17999999999995,74.56,1,1,1.0
176,2,208.85,256.88,90.97999999999999,41.60000000000002,1,1,1.0
176,7,391.73,240.8,127.09000000000003,75.13,1,1,1.0
177,2,208.85,256.84,90.85999999999999,41.700000000000045,1,1,1.0
177,7,380.33,240.9,129.0,75.70000000000002,1,1,1.0
178,2,208.85,256.8,90.72999999999999,41.80000000000001,1,1,1.0
178,7,368.93,241.0,130.90999999999997,76.26999999999998,1,1,1.0
179,2,208.85,256.6,90.6,41.5,1,1,1.0
179,7,357.53,241.1,132.82000000000005,76.84,1,1,1.0
180,2,208.85,256.4,90.47999999999999,41.200000000000045,1,1,1.0
180,7,346.13,241.2,134.73000000000002,77.42000000000002,1,1,1.0
181,2,208.85,256.2,90.35,40.900000000000034,1,1,1.0
181,7,334.72,241.3,136.64999999999998,77.99000000000001,1,1,1.0
182,2,208.85,255.7,90.22999999999999,40.900000000000034,1,1,1.0
182,7,323.32,241.4,138.56,78.55999999999997,1,1,1.0
183,2,208.85,255.2,90.1,40.900000000000034,1,1,1.0
183,7,311.92,241.5,140.46999999999997,79.13,1,1,1.0
184,2,208.85,255.6,89.97999999999999,40.00000000000003,1,1,1.0
184,7,300.52,241.6,142.38,79.70000000000002,1,1,1.0
185,2,208.85,255.6,89.25000000000003,40.599999999999994,1,1,1.0
185,7,288.7,242.24,142.7,80.18,1,1,1.0
186,2,208.85,256.2,86.4,39.00999999999999,1,1,1.0
186,7,276.89,242.88,143.01,80.64999999999998,1,1,1.0
187,2,208.85,256.2,83.54999999999998,38.02000000000004,1,1,1.0
187,7,265.07,243.52,143.32999999999998,81.12999999999997,1,1,1.0
188,2,208.85,256.8,72.15,37.349999999999966,1,1,1.0
188,7,253.25,244.16,143.64999999999998,81.60999999999999,1,1,1.0
189,2,208.85,256.8,60.75000000000003,37.26999999999998,1,1,1.0
189,7,241.44,244.79,143.95999999999998,82.09,1,1,1.0
190,2,208.85,257.5,53.04999999999998,36.5,1,1,1.0
190,7,229.62,245.43,144.27999999999997,82.57,1,1,1.0
